image_width: 720
image_height: 540
camera_name: 19292976
camera_matrix:
  rows: 3
  cols: 3
  data: [583.0877989448411, 0, 371.0433844723165, 0, 581.7866730787641, 289.2867701613999, 0, 0, 1]
distortion_model: plumb_bob
distortion_coefficients:
  rows: 1
  cols: 5
  data: [-0.3213571673923966, 0.1231884310529105, 0.00017939483433162, 0.001561175965447193, 0]
rectification_matrix:
  rows: 3
  cols: 3
  data: [1, 0, 0, 0, 1, 0, 0, 0, 1]
projection_matrix:
  rows: 3
  cols: 4
  data: [505.4652099609375, 0, 375.5632875690135, 0, 0, 537.5305786132812, 291.9666584190454, 0, 0, 0, 1, 0]