image_width: 640
image_height: 480
camera_name: bender_camera
camera_matrix:
  rows: 3
  cols: 3
  data: [508.7962214247519, 0, 318.4429266028703, 0, 509.3388058822571, 252.273540546378, 0, 0, 1]
distortion_model: plumb_bob
distortion_coefficients:
  rows: 1
  cols: 5
  data: [0.0821621135925336, -0.1568417986419084, 0.0006585227818484792, -0.0005351862671401476, 0]
rectification_matrix:
  rows: 3
  cols: 3
  data: [1, 0, 0, 0, 1, 0, 0, 0, 1]
projection_matrix:
  rows: 3
  cols: 4
  data: [512.14013671875, 0, 317.5679140588618, 0, 0, 513.8170166015625, 251.9911250092628, 0, 0, 0, 1, 0]